0	[	0.0013035615185664304	0.0021413191374026566	9.502013551431408E-4	0.001083880419479077	6.640814274329333E-4	0.001719364631709686	0.002450717289036404	0.0012166812582514127	0.05672462128420825	3.283637641911372E-4	0.005016758805192387	7.418792960320711E-4	0.18459979369485183	0.0037771862539679197	0.0027112514628318	0.0012844978008796823	0.0012343064983702733	0.7276572663551655	8.044094766385192E-4	0.0035898582706488844
1	,	5.435000786331323E-4	8.92790330936473E-4	3.96171951904154E-4	4.5190739740739777E-4	2.768786151539106E-4	0.02403947336856601	0.0010217891678512172	5.072766801664393E-4	3.2785451624861225E-4	1.3690625959442176E-4	0.07205949259717608	3.09315249021119E-4	0.12361128745245656	0.0015748401566051085	0.02445302544342542	5.35551752517168E-4	5.146252550162579E-4	1.9165395198392218E-4	3.353862534137027E-4	0.7478202735219228
2	,	6.319295608007584E-4	0.24509362388348813	4.606306004554633E-4	5.254344100270786E-4	3.219277945816782E-4	8.334990877665203E-4	0.0011880380619172736	0.027707098397320717	3.8119766418539896E-4	1.5918141670550904E-4	0.0024319820301959955	3.596419892973631E-4	0.22507516094810556	0.0018310725014018358	0.0013143376217578957	0.48873383450958713	5.983566960970395E-4	2.228367620617792E-4	3.899548429714117E-4	0.001740261221275468
3	,	5.435000786331323E-4	8.92790330936473E-4	3.96171951904154E-4	4.5190739740739777E-4	2.768786151539106E-4	7.168628401679988E-4	0.0010217891678512172	0.28037860302094253	3.2785451624861225E-4	1.3690625959442176E-4	0.4918664821083402	3.09315249021119E-4	0.21690172956604858	0.0015748401566051085	0.001130414915027414	5.35551752517168E-4	5.146252550162579E-4	1.9165395198392218E-4	3.353862534137027E-4	0.001496736613186576
4	,	2.4054839102688255E-4	0.3100666568734165	1.7534224804565513E-4	2.00010269755403E-4	1.2254405841582606E-4	3.1727723613775625E-4	4.522349673130737E-4	2.2451623103050778E-4	1.451055473125978E-4	6.059351555158957E-5	9.257509074724012E-4	1.3690022945209905E-4	0.16825549933334583	6.970105077971723E-4	5.003117749062606E-4	2.370305312625186E-4	0.031194920212658676	8.48243663544991E-5	0.4853004802375615	6.624425611832986E-4
5	,	3.7661210650674246E-4	6.186487553938315E-4	2.745227815251612E-4	3.131440151979483E-4	1.9185984068674096E-4	4.967418311898991E-4	7.08037010552071E-4	0.824569334310545	2.271830029954513E-4	9.486761243804339E-5	0.0014493923566703303	2.1433643174711362E-4	0.1502995500612713	0.0010912673099920725	7.833079683185935E-4	3.711044056628638E-4	3.5660363074955284E-4	1.3280439399113438E-4	2.324020333340182E-4	0.01719828014123207
6	,	2.1602012218777485E-4	3.5484939921626694E-4	1.5746292746256007E-4	1.7961559720656555E-4	1.1004847032801055E-4	2.849250706907371E-4	4.061214148201763E-4	2.016227315148778E-4	1.3030940646403358E-4	5.441490827422913E-5	8.313538215488735E-4	1.2294076949561424E-4	0.5960506273023053	0.39922861516468017	4.492959204002935E-4	2.128609719939478E-4	2.045435039294028E-4	7.617498460986046E-5	1.3330297876816433E-4	5.948945341031459E-4
7	,	2.430573220034957E-4	3.992625493151223E-4	1.7717107589918074E-4	2.0209638622987986E-4	0.1044242902210485	3.205864525599574E-4	4.5695179918775713E-4	2.268579458280178E-4	1.466190049623324E-4	6.122550875470472E-5	9.354065327645515E-4	0.6885214170528817	0.20130055247283676	7.042803600151477E-4	5.05530050134243E-4	2.3950277079714573E-4	2.3014428375832895E-4	8.570908846554662E-5	1.499872544573187E-4	6.69351868100234E-4
8	,	4.026406223599417E-4	6.614049723585191E-4	2.9349567285695934E-4	3.3478610748094917E-4	2.051197089135679E-4	5.310727844563789E-4	0.380874430685914	3.758052781235586E-4	2.4288413499009854E-4	1.014241280455802E-4	0.3816670227794599	2.2914970810032086E-4	0.074296760717886	0.001166687265929411	8.37444156505504E-4	3.967522718336636E-4	3.812493155162133E-4	1.419828065133321E-4	2.4846386433849215E-4	0.15661142301841754
9	,	2.3332304105069964E-4	0.5610737803215303	1.700754944318305E-4	1.9400256298320498E-4	1.1886320357503356E-4	3.0774718249331043E-4	4.38651189444697E-4	2.1777243890783396E-4	1.4074701322162598E-4	5.8773468640119734E-5	8.979441353351911E-4	1.3278815842394316E-4	0.4335345338142461	6.760744091003047E-4	4.852839143769461E-4	2.2991084721016978E-4	2.2092716123218108E-4	8.227649758346785E-5	1.439803666080193E-4	6.425447796049825E-4
10	,	2.846173311947399E-4	4.6753185748686876E-4	2.0746529407824333E-4	2.3665254606904015E-4	1.4499437186502278E-4	0.01258886801027812	5.350853062043679E-4	2.656480478335998E-4	1.7168917007242925E-4	7.169436723471189E-5	0.0010953503014969558	1.6198062177954665E-4	0.3700687484227668	0.3672286529506928	5.919698798700743E-4	0.24454975415371594	2.694963117880416E-4	1.0036435774540007E-4	1.756333515278937E-4	7.838033462993649E-4
11	,	2.430573220034957E-4	3.992625493151223E-4	1.7717107589918074E-4	2.0209638622987986E-4	1.2382219868043917E-4	0.6261233945867684	4.5695179918775713E-4	2.268579458280178E-4	1.466190049623324E-4	6.122550875470472E-5	0.0948058277528958	1.383281052525214E-4	0.14915031846165275	0.02156437396448876	0.031795670456844664	2.3950277079714573E-4	2.3014428375832895E-4	8.570908846554662E-5	0.07316031487011497	6.69351868100234E-4
12	,	2.778307782459858E-4	4.5638380233244455E-4	2.025183915218158E-4	2.31009688595768E-4	1.415370561147741E-4	3.6645176074379587E-4	5.223264740299084E-4	2.5931380762838073E-4	1.6759533067574488E-4	6.998485215590988E-5	0.0010692322404943508	0.405514319337285	0.5877672336036258	8.050395639739558E-4	5.778546644791426E-4	2.737676884372319E-4	2.630703117206315E-4	9.797122158201999E-5	1.7144546516585185E-4	7.651139611914996E-4
13	,	0.7761110335558449	6.186487553938315E-4	2.745227815251612E-4	3.131440151979483E-4	1.9185984068674096E-4	4.967418311898991E-4	7.08037010552071E-4	3.5151152062332634E-4	2.271830029954513E-4	9.486761243804339E-5	0.1468995963784212	2.1433643174711362E-4	0.06949388116029857	0.0010912673099920725	7.833079683185935E-4	3.711044056628638E-4	3.5660363074955284E-4	1.3280439399113438E-4	2.324020333340182E-4	0.0010371463610375285
14	,	2.745574382419153E-4	4.5100679058876394E-4	2.0013236519055943E-4	2.282879841835272E-4	1.3986949821941138E-4	0.3773789673298717	0.16546103698749087	2.5625863042491663E-4	1.656207600257263E-4	6.916030630218135E-5	0.34272813971162586	1.5625536355758944E-4	0.10957125042127759	7.955547681343736E-4	5.710465102432444E-4	2.7054221884728575E-4	2.599708762272895E-4	9.681694659176622E-5	1.6942553309357805E-4	7.560995598618401E-4
15	,	0.7462274885103306	3.7574812607051294E-4	1.6673664954854392E-4	1.9019399275429063E-4	1.1652973513271999E-4	3.0170562954033337E-4	4.300397884646926E-4	2.1349722926756621E-4	1.379839317647542E-4	5.7619654590084894E-5	8.803161037851033E-4	1.3018132159071239E-4	0.10110307257957599	6.628020232749009E-4	4.7575704091483076E-4	2.253973418495992E-4	2.1659001951565497E-4	8.066128274085328E-5	1.4115380942558172E-4	0.14786652522986274
16	,	3.1543806524521805E-4	5.181600992008967E-4	2.299313632619036E-4	2.622792538810527E-4	1.6069556952332822E-4	4.160548199320917E-4	0.39313820678809547	2.9441462996315424E-4	1.9028110271383631E-4	7.945803017183104E-5	0.31254289821911807	1.7952123198849645E-4	0.08527789842198849	9.1401004636342E-4	6.560733065896705E-4	3.108249939495096E-4	2.986796159752375E-4	1.1123264593162276E-4	1.946523929724626E-4	0.2039092894031342
17	,	2.846173311947399E-4	4.6753185748686876E-4	0.6963749679033272	2.3665254606904015E-4	1.4499437186502278E-4	3.7540305222112116E-4	0.012748550264261367	2.656480478335998E-4	1.7168917007242925E-4	7.169436723471189E-5	0.0010953503014969558	1.6198062177954665E-4	0.1257994492616269	8.247042089828465E-4	0.15936701433461103	2.804549925759847E-4	2.694963117880416E-4	1.0036435774540007E-4	1.756333515278937E-4	7.838033462993649E-4
18	,	2.745574382419153E-4	0.5777580323550661	2.0013236519055943E-4	2.282879841835272E-4	1.3986949821941138E-4	3.6213430817220673E-4	5.161725404973413E-4	2.5625863042491663E-4	1.656207600257263E-4	6.916030630218135E-5	0.0010566347857107296	1.5625536355758944E-4	0.3923338751875522	0.02435910683199059	5.710465102432444E-4	2.7054221884728575E-4	2.599708762272895E-4	9.681694659176622E-5	1.6942553309357805E-4	7.560995598618401E-4
19	,	2.564302178731177E-4	4.212297809649228E-4	1.8691894249122095E-4	2.132156312968531E-4	1.3063483594498264E-4	3.382249635579275E-4	4.8209306536152994E-4	2.3933955988410783E-4	0.011158588825693646	6.45941065257668E-5	0.21006102751689998	0.5833527933057775	0.1903682053243153	7.430295235452511E-4	5.333440680938122E-4	2.5268009698487567E-4	2.428067105320618E-4	9.042476090726589E-5	1.5823948038943598E-4	7.061792829604728E-4
20	,	3.537444603179388E-4	5.810847987151403E-4	2.578539338428277E-4	2.941301109129573E-4	1.802102338927382E-4	4.6657998496516624E-4	6.650454562017246E-4	0.10658904849317759	2.1338859638224565E-4	8.910731169749645E-5	0.0013613861799477557	2.0132206072217174E-4	0.004554896850121216	0.0010250062570116647	7.357460095633999E-4	3.485711835460312E-4	0.015514790961727191	1.2474059614279466E-4	0.8654691750236554	9.741714974565383E-4
21	,	3.031285828147042E-4	4.979397030595867E-4	2.2095864757492329E-4	2.5204421181335786E-4	1.544246735610065E-4	3.998189243305151E-4	0.11764024497714538	2.829255545657372E-4	1.82855677095359E-4	7.635730348685396E-5	0.3523776655180703	1.7251569367672453E-4	0.3941376822785619	0.013886159797482506	0.0786773765347044	0.03932214826638186	2.870241060977544E-4	1.068919640303105E-4	1.8705638451517855E-4	8.347812010315848E-4
22	,	2.713603315911585E-4	4.457550049552699E-4	0.15157737015359762	2.2562966599264315E-4	1.3824077635392953E-4	3.5791740546311157E-4	5.101619269341858E-4	2.5327460574544886E-4	1.6369217547608798E-4	6.835496343235076E-5	0.012688912887904897	1.54435835136705E-4	0.08500617464640646	7.862908652638835E-4	5.64396912230236E-4	2.673918677487115E-4	2.5694362399653043E-4	9.568955370146047E-5	0.7454207117016631	7.472950964062239E-4
23	,	2.6518440832382334E-4	4.356100117998884E-4	1.9330010940276762E-4	2.2049453258595017E-4	1.350945374686343E-4	0.01172933320946693	4.985510886949092E-4	2.475102977440673E-4	1.599666850579578E-4	6.679926438590451E-5	0.0010205626635260924	1.5092101091041343E-4	0.06031238524871016	7.683955744481548E-4	5.515517332690513E-4	2.6130626323959873E-4	2.5109581235608616E-4	9.351174334251622E-5	1.6364156817627883E-4	0.9224747842370908
24	,	2.9544245957620845E-4	0.01316330552793683	0.3932330948673783	2.456533830252617E-4	1.5050908414006458E-4	3.89681122421661E-4	5.554367272172241E-4	2.757516989711254E-4	1.7821919162782843E-4	7.442118898617047E-5	0.3814767580951311	1.6814138865454048E-4	0.2066520517890783	8.560709880243816E-4	6.144848473200765E-4	2.911218106756232E-4	2.797463276995525E-4	1.0418161319135962E-4	1.823133859810879E-4	8.136145029632922E-4
25	,	2.713603315911585E-4	4.457550049552699E-4	1.9780190741866457E-4	0.4427197522317465	1.3824077635392953E-4	3.5791740546311157E-4	5.101619269341858E-4	2.5327460574544886E-4	1.6369217547608798E-4	6.835496343235076E-5	0.012688912887904897	1.54435835136705E-4	0.5391448793849433	7.862908652638835E-4	5.64396912230236E-4	2.673918677487115E-4	2.5694362399653043E-4	9.568955370146047E-5	1.6745264355130232E-4	7.472950964062239E-4
26	,	3.287895931088341E-4	5.400922303053551E-4	0.09900252219146977	2.733807319589094E-4	1.6749732115207492E-4	4.336651470712615E-4	6.181298916933328E-4	3.068763001561712E-4	1.983351194122598E-4	8.282124539762355E-5	0.001265347329444282	1.8711981629106558E-4	0.11710541044046084	9.526972941822886E-4	6.838428816620293E-4	3.239812646240682E-4	3.113218099726152E-4	1.159407833922849E-4	2.0289143300864534E-4	0.7768993371752363
27	,	2.6518440832382334E-4	0.045953856773379424	1.9330010940276762E-4	2.2049453258595017E-4	1.350945374686343E-4	3.497715190720445E-4	4.985510886949092E-4	2.475102977440673E-4	1.599666850579578E-4	6.679926438590451E-5	0.0010205626635260924	1.5092101091041343E-4	0.014794138487130626	7.683955744481548E-4	0.4102157725874849	2.6130626323959873E-4	2.5109581235608616E-4	9.351174334251622E-5	1.6364156817627883E-4	0.5241901250732699
28	,	2.2874254904997084E-4	0.638400991382429	1.6673664954854392E-4	0.07871637777815224	1.1652973513271999E-4	3.0170562954033337E-4	4.300397884646926E-4	0.09837122696101501	1.379839317647542E-4	5.7619654590084894E-5	8.803161037851033E-4	1.3018132159071239E-4	0.15999771041862443	0.010478574996449644	4.7575704091483076E-4	2.253973418495992E-4	0.010032362992690398	8.066128274085328E-5	1.4115380942558172E-4	6.299306322415802E-4
29	,	2.881364759468548E-4	0.14884704957830566	2.1003049415877493E-4	2.3957863128696273E-4	1.4678715159735002E-4	3.8004471503064267E-4	5.417013567426765E-4	2.689326472974447E-4	1.7381201705198284E-4	7.258083066668612E-5	0.22366949913641163	1.639834276265658E-4	0.028439069171942173	0.013199379323880156	5.992892784724367E-4	0.5814143923280637	2.728284930271887E-4	1.0160531064653401E-4	1.778049662525882E-4	7.934946655919775E-4
30	,	2.2874254904997084E-4	0.02000729407242	1.6673664954854392E-4	1.9019399275429063E-4	1.1652973513271999E-4	3.0170562954033337E-4	4.300397884646926E-4	0.01002927020244231	1.379839317647542E-4	5.7619654590084894E-5	8.803161037851033E-4	1.3018132159071239E-4	0.2679712131235466	0.6975826831186817	4.7575704091483076E-4	2.253973418495992E-4	2.1659001951565497E-4	8.066128274085328E-5	1.4115380942558172E-4	6.299306322415802E-4
31	,	3.38336766305582E-4	5.557750687315587E-4	2.466228476826035E-4	2.813189795536301E-4	1.7236099679311271E-4	0.07303959236763323	6.360787357497499E-4	3.1578716974868396E-4	2.04094242498007E-4	8.522615355394629E-5	0.0013020896423442164	1.9255327687533384E-4	0.004356503759070578	9.803610836156137E-4	0.305595705767476	3.333888167811206E-4	3.2036176531800755E-4	1.1930739463185164E-4	2.087828592936273E-4	0.6107157523063436
32	,	2.713603315911585E-4	4.457550049552699E-4	1.9780190741866457E-4	0.11667145139382261	1.3824077635392953E-4	0.6990328477724429	5.101619269341858E-4	2.5327460574544886E-4	1.6369217547608798E-4	6.835496343235076E-5	0.07091182375181988	1.54435835136705E-4	0.10829533899197245	7.862908652638835E-4	5.64396912230236E-4	2.673918677487115E-4	2.5694362399653043E-4	9.568955370146047E-5	1.6745264355130232E-4	7.472950964062239E-4
33	,	0.5163597411666844	3.951412080219608E-4	1.7534224804565513E-4	2.00010269755403E-4	1.2254405841582606E-4	3.1727723613775625E-4	0.07270892195590513	2.2451623103050778E-4	1.451055473125978E-4	6.059351555158957E-5	9.257509074724012E-4	1.3690022945209905E-4	0.10632119620026693	0.30004614231767857	5.003117749062606E-4	2.370305312625186E-4	2.2776864611922333E-4	8.48243663544991E-5	1.4843902844337577E-4	6.624425611832986E-4
34	,	3.827985653319385E-4	6.2881105497576E-4	2.7903225919500153E-4	3.182879086705921E-4	1.9501144676660535E-4	5.04901613714983E-4	0.16498573128766061	3.5728566200473016E-4	2.3091484875806376E-4	9.642596536417828E-5	0.0014732009543791623	2.1785725194071301E-4	0.004929004338030468	0.0011091931285303236	0.5757273977714351	3.772003916543312E-4	3.6246141821955817E-4	1.34985919494528E-4	2.362196100535998E-4	0.24745327860381974
35	,	2.778307782459858E-4	4.5638380233244455E-4	2.025183915218158E-4	2.31009688595768E-4	1.415370561147741E-4	3.6645176074379587E-4	5.223264740299084E-4	2.5931380762838073E-4	1.6759533067574488E-4	6.998485215590988E-5	0.0010692322404943508	1.5811827769190973E-4	0.1824110325440328	0.81151744168316	5.778546644791426E-4	2.737676884372319E-4	2.630703117206315E-4	9.797122158201999E-5	1.7144546516585185E-4	7.651139611914996E-4
36	,	2.4054839102688255E-4	3.951412080219608E-4	1.7534224804565513E-4	2.00010269755403E-4	1.2254405841582606E-4	3.1727723613775625E-4	4.522349673130737E-4	2.2451623103050778E-4	1.451055473125978E-4	6.059351555158957E-5	9.257509074724012E-4	1.3690022945209905E-4	0.013419741500648579	0.03166416207433662	0.3101718274403008	2.370305312625186E-4	0.020872536357145526	8.48243663544991E-5	1.4843902844337577E-4	0.6200054738919724
37	,	2.9923617325991193E-4	4.915457654114027E-4	2.1812136465343662E-4	2.488077657838123E-4	1.5244173922573804E-4	3.946849346987878E-4	0.026244142901021845	2.7929256779272884E-4	1.805076663005173E-4	7.537681561959109E-5	0.0011516109409893075	1.7030045640617858E-4	0.04237539622262305	8.670636132081423E-4	0.32164204943031416	2.948600438272455E-4	2.8333849069766013E-4	1.0551938709197397E-4	1.846544333312585E-4	0.6043410492877432
38	,	3.197664367217101E-4	5.252701776623974E-4	2.3308643065530802E-4	2.6587819188649556E-4	1.6290059864364922E-4	4.217638322982789E-4	6.01166207935682E-4	2.984545225030855E-4	1.9289209798754167E-4	8.054833571598481E-5	0.0012306216961611564	1.8198458269209547E-4	0.12761340045532651	9.26551890388589E-4	0.5220926846674278	3.1509006588033696E-4	3.027780317114354E-4	1.1275895573678498E-4	1.973233701258317E-4	0.3439250794525393
39	,	2.713603315911585E-4	4.457550049552699E-4	1.9780190741866457E-4	2.2562966599264315E-4	1.3824077635392953E-4	3.5791740546311157E-4	5.101619269341858E-4	0.011897856778528445	1.6369217547608798E-4	6.835496343235076E-5	0.0010443307151219	1.54435835136705E-4	0.17816283202867042	0.024075455210829877	5.64396912230236E-4	2.673918677487115E-4	0.7804439492004572	9.568955370146047E-5	1.6745264355130232E-4	7.472950964062239E-4
40	,	2.592833466469024E-4	0.4121003498489321	1.88998665456831E-4	2.1558794005874295E-4	1.3208832302768556E-4	3.4198816815816257E-4	0.056119137173709414	2.420025322540342E-4	1.564069988729884E-4	6.531280226090349E-5	0.4683039659200242	1.4756261514591555E-4	0.02559126541057568	0.03413030482705001	5.392782334181141E-4	2.5549150065348297E-4	2.45508259585184E-4	9.143085718307524E-5	1.6000010602237614E-4	7.140364709641976E-4
41	,	2.3332304105069964E-4	3.832723549160122E-4	1.700754944318305E-4	0.2605145955474827	1.1886320357503356E-4	3.0774718249331043E-4	0.06051263418586766	2.1777243890783396E-4	1.4074701322162598E-4	5.8773468640119734E-5	0.36134184211387294	1.3278815842394316E-4	0.30337423732199637	6.760744091003047E-4	4.852839143769461E-4	2.2991084721016978E-4	0.010233257660636007	8.227649758346785E-5	1.439803666080193E-4	6.425447796049825E-4
42	,	2.5363919677653994E-4	4.1664505918395997E-4	1.8488449149644336E-4	2.10894963592378E-4	0.7946710643355812	3.3454367741111887E-4	4.768458993796969E-4	2.36734555815466E-4	1.5300228910728584E-4	6.38910555533685E-5	9.761308965072725E-4	1.4435043231228228E-4	0.1991803470373409	7.349422899391827E-4	5.275390792819204E-4	2.499298927101242E-4	2.401639695278758E-4	8.944056560673367E-5	1.5651718053046637E-4	6.984931323458676E-4
43	,	1.9439591756315606E-4	3.1932800453385134E-4	1.417004580696296E-4	0.8760605497655441	9.903231768029269E-5	2.564032924003573E-4	3.6546755124686805E-4	0.025207123007345858	1.1726507873496447E-4	4.896782723735716E-5	7.481330318809328E-4	1.1063406246593131E-4	0.09426392617301174	5.632795822743635E-4	4.043201708203675E-4	1.91553006937844E-4	1.8406814015860942E-4	6.854966046043254E-5	1.1995898626987135E-4	5.353439653633895E-4
44	,	2.881364759468548E-4	4.733126448894311E-4	2.1003049415877493E-4	2.3957863128696273E-4	1.4678715159735002E-4	3.8004471503064267E-4	5.417013567426765E-4	0.9894271788700721	1.7381201705198284E-4	7.258083066668612E-5	0.0011088937362873097	1.639834276265658E-4	0.0037101130163728012	8.349012460954717E-4	5.992892784724367E-4	2.839226721834957E-4	2.728284930271887E-4	1.0160531064653401E-4	1.778049662525882E-4	7.934946655919775E-4
45	,	2.2433843868342488E-4	3.685136337379305E-4	1.6352637402346237E-4	1.8653207966193915E-4	1.1428612188000263E-4	2.9589671949617024E-4	4.2175998788421184E-4	2.093866457117245E-4	0.7895316410448255	5.651027061604535E-5	8.633668772655091E-4	1.2767486658122893E-4	0.20505110509350527	6.500407190322218E-4	4.66597020076764E-4	2.210576386594644E-4	2.1241988871051603E-4	7.9108265197885E-5	1.3843609486853686E-4	6.178022195820976E-4
46	,	0.5424608085504226	6.2881105497576E-4	2.7903225919500153E-4	3.182879086705921E-4	1.9501144676660535E-4	0.01693150797689955	7.196676558149757E-4	3.5728566200473016E-4	2.3091484875806376E-4	9.642596536417828E-5	0.05075302004393285	2.1785725194071301E-4	0.25132809978579895	0.13252204403400686	7.961750599753089E-4	3.772003916543312E-4	3.6246141821955817E-4	1.34985919494528E-4	2.362196100535998E-4	0.0010541831560513014
47	,	2.6518440832382334E-4	0.28492465227167196	1.9330010940276762E-4	2.2049453258595017E-4	1.350945374686343E-4	3.497715190720445E-4	4.985510886949092E-4	2.475102977440673E-4	1.599666850579578E-4	6.679926438590451E-5	0.0010205626635260924	1.5092101091041343E-4	0.4585970444125311	7.683955744481548E-4	5.515517332690513E-4	2.6130626323959873E-4	2.5109581235608616E-4	9.351174334251622E-5	0.2505139987568637	7.302873151052554E-4
48	,	2.745574382419153E-4	4.5100679058876394E-4	2.0013236519055943E-4	2.282879841835272E-4	1.3986949821941138E-4	3.6213430817220673E-4	5.161725404973413E-4	2.5625863042491663E-4	1.656207600257263E-4	6.916030630218135E-5	0.0010566347857107296	1.5625536355758944E-4	0.19204368264477434	0.2599946274705528	5.710465102432444E-4	0.518668687623684	0.023823522940083507	9.681694659176622E-5	1.6942553309357805E-4	7.560995598618401E-4
49	,	2.3809072714881424E-4	0.5521048314074609	1.735507901710816E-4	1.9796678065484355E-4	1.2129203546711795E-4	3.1403563972025214E-4	4.476145184344922E-4	2.222223664626003E-4	1.4362301541697749E-4	5.9974436397575735E-5	9.162925836994951E-4	1.355015306398252E-4	0.40152562636696315	6.898892065889855E-4	0.010712121005493996	0.030885371438295776	2.2544155188369724E-4	8.395772251506395E-5	1.4692243863479929E-4	6.556744379505254E-4
50	,	1.9938568044911383E-4	3.275245296741095E-4	1.4533763160425048E-4	1.6578445427030576E-4	1.0157428352744565E-4	2.6298466328661076E-4	3.74848388283433E-4	1.8609694833039012E-4	1.2027504388765624E-4	5.022473556145083E-5	7.673361431552513E-4	1.1347382240397573E-4	0.3362519035900735	0.3941544062651806	4.146982785897765E-4	1.9646979786994547E-4	0.2654252432513576	7.030919613329124E-5	1.230380987585997E-4	5.4908519760261E-4
51	,	1.6310249107582783E-4	2.6792328595492965E-4	1.1888983054509806E-4	1.3561584468968173E-4	0.46901841099331093	0.007214162692349456	3.0663539009959437E-4	1.522319746630087E-4	9.83880047360665E-5	4.108509430188498E-5	6.277002248066695E-4	9.282443485558134E-5	0.06509145775995005	4.7260407622116133E-4	0.035334406785649274	1.6071722593905514E-4	1.544372565221704E-4	5.7514687158316094E-5	1.0064825297162168E-4	0.42039124369419967
52	,	1.9938568044911383E-4	3.275245296741095E-4	1.4533763160425048E-4	1.6578445427030576E-4	1.0157428352744565E-4	2.6298466328661076E-4	3.74848388283433E-4	0.9841277679434165	1.2027504388765624E-4	5.022473556145083E-5	7.673361431552513E-4	1.1347382240397573E-4	0.0025673369047834356	5.777378671462013E-4	4.146982785897765E-4	1.9646979786994547E-4	0.008744807339596001	7.030919613329124E-5	1.230380987585997E-4	5.4908519760261E-4
53	,	1.514429890880648E-4	2.48770592059487E-4	1.1039090323612811E-4	1.259212459113198E-4	7.715054098782609E-5	1.9974946747796702E-4	2.8471533285949637E-4	1.4134955956636097E-4	9.135466558087921E-5	3.8148096003940205E-5	5.828286108259232E-4	8.618881160070127E-5	0.27489556164847734	0.7217949057750237	3.149832361975416E-4	1.4922823639055714E-4	1.4339719522373336E-4	5.340320728560102E-5	9.345333830264875E-5	4.1705654790075245E-4
54	,	2.1017525569926447E-4	3.452482225252162E-4	1.5320244571397258E-4	0.10840294168409301	1.0707088375034487E-4	2.7721583980728663E-4	3.951329688193657E-4	1.9616741589511869E-4	0.00914579911499961	5.294260157137972E-5	0.6772350220578641	1.196143553800256E-4	0.20112460692924464	6.090016278054146E-4	4.371392997948788E-4	2.071015827790963E-4	1.9900916083464125E-4	7.411391451000212E-5	1.2969619387456357E-4	5.787984450380956E-4
55	,	1.767070580984201E-4	2.9027107645551996E-4	1.288065685255343E-4	1.4692771881396157E-4	9.002097231937655E-5	2.3307213471752164E-4	3.322122018858057E-4	1.6492981936558668E-4	0.5460705126228228	4.451204943526587E-5	6.800574250072994E-4	1.0056702809862324E-4	0.14634913331493893	0.30382531228381054	3.6752946672507207E-4	1.7412283524367614E-4	1.6731904632980946E-4	6.23120535937862E-5	1.090434399134487E-4	4.8663088389895516E-4
56	,	2.2874254904997084E-4	3.7574812607051294E-4	1.6673664954854392E-4	1.9019399275429063E-4	1.1652973513271999E-4	0.4321957164492291	4.300397884646926E-4	2.1349722926756621E-4	1.379839317647542E-4	5.7619654590084894E-5	0.5309320566552213	1.3018132159071239E-4	0.03239266176735278	6.628020232749009E-4	4.7575704091483076E-4	2.253973418495992E-4	2.1659001951565497E-4	8.066128274085328E-5	1.4115380942558172E-4	6.299306322415802E-4
57	,	2.5363919677653994E-4	4.1664505918395997E-4	1.8488449149644336E-4	2.10894963592378E-4	1.2921298876139204E-4	3.3454367741111887E-4	4.768458993796969E-4	2.36734555815466E-4	1.5300228910728584E-4	6.38910555533685E-5	9.761308965072725E-4	1.4435043231228228E-4	0.025034187838037965	0.011619077239895616	0.40324053222767003	2.499298927101242E-4	2.401639695278758E-4	8.944056560673367E-5	1.5651718053046637E-4	0.555789375580124
58	,	2.0285697489876424E-4	3.332267149033655E-4	1.4786795230118703E-4	1.686707530990409E-4	1.0334268658348169E-4	0.20048197219669703	3.8137447945897645E-4	1.893368866367974E-4	1.2236902622048097E-4	5.109914562639087E-5	0.792933357058075	1.1544939582030272E-4	0.002612034108353337	5.877962537217072E-4	4.2191815430755986E-4	1.9989032695374764E-4	1.9207968230961566E-4	7.153327562459234E-5	1.2518018573472672E-4	5.586447426739001E-4
59	,	1.9603118904534974E-4	3.220142131015306E-4	1.4289245181620488E-4	1.629952743980361E-4	9.986538417133932E-5	0.025494761160585088	0.07607714484830622	1.8296602833636205E-4	1.1825152043351602E-4	4.9379747880702066E-5	7.544263770666644E-4	1.1156472361137947E-4	0.22123788556779428	5.680179278576548E-4	4.0772133918494196E-4	0.6142740550354377	0.05907008550221148	6.912630479674473E-5	1.2096808929908622E-4	5.398473146656649E-4
60	,	1.8512991245995554E-4	3.0410703201191446E-4	1.349462155728834E-4	1.5393112202015014E-4	9.431187924459744E-5	2.4418166632074966E-4	3.4804730787263416E-4	1.7279130414915968E-4	1.1167556414223965E-4	4.6633744594255453E-5	7.124727948853208E-4	1.0536061948293207E-4	0.010328048999390977	5.36430502575006E-4	3.850479926125547E-4	1.8242251097852009E-4	1.75294415136878E-4	0.9851550988970696	1.1424106486038358E-4	5.09826454619301E-4
61	,	2.2651908909730137E-4	3.720957189688247E-4	1.6511590926890105E-4	1.883452386511129E-4	1.1539702414196252E-4	2.987729421694704E-4	4.258596468527496E-4	2.1142195931340207E-4	1.366426782565414E-4	0.009777419695767725	8.717591142325011E-4	1.2891591226330606E-4	0.03207779342956774	0.010376719473887642	0.010191492636115681	0.1460286082730736	2.144846865264884E-4	7.987722602447012E-5	1.3978174356495362E-4	0.7879729776022556
62	,	2.1403604450351128E-4	3.515902177699787E-4	1.5601667941254877E-4	1.7796588376990042E-4	1.0903770933059129E-4	2.823081224698056E-4	4.023913158456658E-4	1.9977088938930395E-4	1.2911255506520796E-4	5.3915124253626175E-5	8.237180950787785E-4	1.2181159673720608E-4	0.03949473525615698	6.201886091585552E-4	0.2576164670095855	0.08287310875273578	2.0266483541696377E-4	7.547534105104344E-5	1.3207863233811337E-4	0.6159636073299309
63	,	1.8223447177611175E-4	2.9935078348875514E-4	1.3283565030815345E-4	1.515236319107208E-4	0.2816136976025482	2.403626533826498E-4	3.4260383133377555E-4	1.7008883988933288E-4	1.0992895297869477E-4	4.590439059876111E-5	0.01634137750661403	1.0371277435584137E-4	0.6357684306316056	0.047448184164796625	3.7902582359497944E-4	1.7956941418331474E-4	1.725528021015037E-4	6.426118058976344E-5	1.1245432914292389E-4	0.016141900564800384
64	,	2.3809072714881424E-4	3.9110408156459316E-4	1.735507901710816E-4	1.9796678065484355E-4	1.2129203546711795E-4	3.1403563972025214E-4	4.476145184344922E-4	2.222223664626003E-4	1.4362301541697749E-4	5.9974436397575735E-5	0.6650161495500563	1.355015306398252E-4	0.3300071802321247	6.898892065889855E-4	4.952001290885093E-4	2.346088090793171E-4	2.2544155188369724E-4	8.395772251506395E-5	1.4692243863479929E-4	6.556744379505254E-4
65	,	0.044991376111073844	2.8593468695630787E-4	1.2688231393563802E-4	0.00761428423347924	8.867613974480061E-5	2.2959024609847805E-4	3.272492495952819E-4	1.6246591581192527E-4	1.0500223313622466E-4	4.384707934552606E-5	0.43390388399025365	9.906464691087627E-5	0.3981275589648631	5.04375340526785E-4	3.6203890617863806E-4	1.7152159627924416E-4	0.11220809169464645	6.138116740912756E-5	1.074144287368181E-4	4.793610550179675E-4
66	,	2.81183111120275E-4	4.61890573157157E-4	2.049619978991685E-4	2.3379707370208347E-4	1.4324485583782558E-4	0.5312791025053322	5.286289154694659E-4	2.6244271295542136E-4	1.696175520442652E-4	7.082929610868463E-5	0.4113294016422586	1.6002614802823102E-4	0.0036205798558595135	0.049079137712586506	5.848271144018062E-4	2.770709956793608E-4	2.662445433871093E-4	9.915335175822706E-5	1.735141426271892E-4	7.743458997869024E-4
67	,	0.17519300133856688	3.720957189688247E-4	1.6511590926890105E-4	1.883452386511129E-4	1.1539702414196252E-4	2.987729421694704E-4	4.258596468527496E-4	2.1142195931340207E-4	1.366426782565414E-4	5.7059570797192854E-5	8.717591142325011E-4	1.2891591226330606E-4	0.0806795940544204	6.563593489171097E-4	4.7113251114514826E-4	2.2320639851561001E-4	2.144846865264884E-4	7.987722602447012E-5	1.3978174356495362E-4	0.739371176977403
68	,	2.310100916642595E-4	3.794729463614587E-4	1.6838952287615748E-4	1.9207940054284268E-4	1.176849034271307E-4	3.046964608255266E-4	0.03017353528009643	2.1561364384547232E-4	1.3935177717289173E-4	5.8190842691058044E-5	8.890427455387597E-4	1.3147181911956027E-4	0.002974540259717501	6.69372431093012E-4	4.8047325732844857E-4	2.2763172316568614E-4	2.187370931629547E-4	8.14608842872106E-5	0.03979486304325574	0.9225523818738279
69	,	2.9923617325991193E-4	4.915457654114027E-4	0.7835061262027566	2.488077657838123E-4	1.5244173922573804E-4	3.946849346987878E-4	0.16749279951117158	2.7929256779272884E-4	1.805076663005173E-4	7.537681561959109E-5	0.0011516109409893075	1.7030045640617858E-4	0.02953460925806398	0.013707850577767208	6.223753163374633E-4	2.948600438272455E-4	2.8333849069766013E-4	1.0551938709197397E-4	1.846544333312585E-4	8.240619534671194E-4
70	,	1.9603118904534974E-4	0.19379955510968733	1.4289245181620488E-4	0.016987129265405496	9.986538417133932E-5	2.5856017407389686E-4	3.6854188877263937E-4	1.8296602833636205E-4	1.1825152043351602E-4	4.9379747880702066E-5	0.16899576628714127	1.1156472361137947E-4	0.3137706225183353	5.680179278576548E-4	4.0772133918494196E-4	1.9316436366539536E-4	1.856165336853614E-4	0.3029035381429311	1.2096808929908622E-4	5.398473146656649E-4
71	,	2.5363919677653994E-4	4.1664505918395997E-4	0.9035680853378805	2.10894963592378E-4	1.2921298876139204E-4	3.3454367741111887E-4	4.768458993796969E-4	2.36734555815466E-4	1.5300228910728584E-4	6.38910555533685E-5	0.011860265846463708	1.4435043231228228E-4	0.07945486258782014	7.349422899391827E-4	5.275390792819204E-4	2.499298927101242E-4	2.401639695278758E-4	8.944056560673367E-5	1.5651718053046637E-4	6.984931323458676E-4
72	,	1.740672131626741E-4	2.8593468695630787E-4	1.2688231393563802E-4	1.4473275049404466E-4	8.867613974480061E-5	2.2959024609847805E-4	3.272492495952819E-4	1.6246591581192527E-4	1.0500223313622466E-4	4.384707934552606E-5	6.698979771123427E-4	9.906464691087627E-5	0.3981275589648631	5.04375340526785E-4	3.6203890617863806E-4	1.7152159627924416E-4	0.5977289380886841	6.138116740912756E-5	1.074144287368181E-4	4.793610550179675E-4
73	,	0.0550005277900175	2.624133652569827E-4	1.164448264247543E-4	1.3282686519892206E-4	8.138153679825259E-5	2.107038839890264E-4	3.00329343663164E-4	1.4910127960193756E-4	9.636462665680484E-5	4.024016732711975E-5	6.147913861872819E-4	0.6239047828470801	0.27626085365659875	4.628848352368479E-4	3.32257162415592E-4	1.5741202920499007E-4	1.512612091949933E-4	5.6331880803578945E-5	0.041229163054239584	4.399282541037908E-4
74	,	2.2219937324238396E-4	3.649998588221944E-4	1.6196715119288038E-4	1.847534975892815E-4	1.1319640450861144E-4	2.9307534634894595E-4	4.1773850935475636E-4	2.0739014551191044E-4	0.8487484133344182	5.59714455816551E-5	8.551346801398789E-4	1.264574876229185E-4	0.1458859862815282	6.438425853306969E-4	4.621480207594989E-4	2.1894985562366534E-4	2.1039446655996062E-4	7.835396844348757E-5	1.3711610767390444E-4	6.119114797469537E-4
75	,	1.642520971932858E-4	2.698117074407795E-4	1.1972780963172431E-4	1.3657171485236983E-4	8.367596435565653E-5	2.1664435669200495E-4	3.087966686794765E-4	1.533049613978584E-4	9.908147944257163E-5	0.958619204745909	6.321244859789408E-4	9.347869548309036E-5	0.03735678061333471	4.759351629113507E-4	3.416246432912731E-4	1.618500198338738E-4	1.5552578689157333E-4	5.792007174664922E-5	1.0135765873584046E-4	4.523313561980488E-4
76	,	1.740672131626741E-4	2.8593468695630787E-4	0.6873256187485736	1.4473275049404466E-4	8.867613974480061E-5	2.2959024609847805E-4	3.272492495952819E-4	1.6246591581192527E-4	1.0500223313622466E-4	4.384707934552606E-5	0.03801765539203832	9.906464691087627E-5	0.27114518375411484	5.04375340526785E-4	3.6203890617863806E-4	1.7152159627924416E-4	1.6481944986852047E-4	6.138116740912756E-5	1.074144287368181E-4	4.793610550179675E-4
77	,	1.6780025012677537E-4	2.756401456622975E-4	1.2231415456262149E-4	1.3952191968363544E-4	8.548352190569327E-5	2.213242805581589E-4	3.154672550801942E-4	1.566166356948521E-4	1.0122182497207163E-4	4.2268447617598493E-5	6.457795588065189E-4	9.549801038539448E-5	0.08856812723191819	4.862162538276363E-4	0.46118896040170626	1.6534628339745638E-4	1.588854351787014E-4	5.9171253777122566E-5	1.0354717400121941E-4	0.44690080996113757
78	,	1.4220172090467683E-4	2.335902540906882E-4	1.0365469215132003E-4	1.1823735106442021E-4	7.244270443457784E-5	1.8756046876915652E-4	2.673415953050483E-4	1.3272420691436777E-4	8.578007299313187E-5	3.5820244526754686E-5	5.472635739098744E-4	8.092944682451863E-5	0.3679596196636426	0.2689063465926235	2.9576250781321046E-4	1.401221155900939E-4	0.3601611004798988	5.014446706031191E-5	8.775068169841693E-5	3.9160715978449144E-4
79	,	1.5866060674721427E-4	2.6062674353363356E-4	1.1565202055429741E-4	1.319225234456872E-4	8.082745670640626E-5	2.0926932239205827E-4	0.4632711863876119	1.4808613471838675E-4	9.570853532098864E-5	0.4834381430889524	6.106056251273814E-4	9.029648203415125E-5	0.008851376306423632	4.597333185401539E-4	0.027563695121127968	1.5634030120585142E-4	1.502313585927453E-4	5.594834941651629E-5	0.013714757281980058	4.3693303556861E-4
80	,	1.9120587905179607E-4	3.1408782950863366E-4	1.3937515245629226E-4	1.5898314382695172E-4	9.740719658089135E-5	2.5219571238813354E-4	0.8208598571035224	1.7846231742529864E-4	1.1534075788557902E-4	4.8164264813501004E-5	0.12381091419468193	1.0881855664482851E-4	0.0024620118586024357	5.540361599708359E-4	3.9768527368875677E-4	1.8840962061184257E-4	1.8104758055436976E-4	6.742476000187026E-5	1.1799045837699382E-4	0.049756582179406685
81	,	1.2537101868031477E-4	2.059429936770898E-4	9.138633670064132E-5	0.7479112041804251	6.38685354378245E-5	1.6536119875447408E-4	2.356995957980143E-4	1.1701524368713817E-4	7.562732057813659E-5	3.158063430686307E-5	0.0758011773220515	7.135080451259554E-5	0.173771304968379	3.6327375552326705E-4	2.607566677539923E-4	1.2353755115908114E-4	1.1871036453622306E-4	4.420947142226908E-5	7.73646921038124E-5	3.452573445127118E-4
82	,	0.03752182462808865	2.8593468695630787E-4	1.2688231393563802E-4	1.4473275049404466E-4	8.867613974480061E-5	2.2959024609847805E-4	0.14971827890929917	1.6246591581192527E-4	1.0500223313622466E-4	4.384707934552606E-5	0.5758253621669724	9.906464691087627E-5	0.21885832337321848	0.00797392682351198	3.6203890617863806E-4	1.7152159627924416E-4	0.007634370932853715	6.138116740912756E-5	1.074144287368181E-4	4.793610550179675E-4
83	]	0.008100385864978375	0.013306246790791737	0.005904591011975742	0.006735278315771885	0.004126629799480586	0.010684203822433666	0.01522885986155854	0.007560508289138791	0.3524891720892235	0.0020404661814120827	0.03117434929981426	0.0046100690128588265	0.45190526488023397	0.023471593557533456	0.01684783012778499	0.007981923124950963	0.00767003226932093	0.0028564319024979206	0.00499863417369301	0.02230752962454686
